
 Simulation 

17.25 142.58 78.91 -1.96 0.00 
17.50 142.58 76.95 -1.96 0.00 
17.75 142.58 74.99 -1.93 0.00 
18.00 103.25 73.05 -1.84 0.00 
18.25 103.25 71.21 -1.79 0.00 
18.50 103.25 69.43 -1.75 0.00 
18.75 103.25 67.68 -1.74 0.00 
19.00 96.83 65.94 -1.77 0.00 
19.25 96.83 64.18 -1.76 0.00 
19.50 96.83 62.42 -1.76 0.00 
19.75 96.83 60.66 -1.74 0.00 
20.00 93.26 58.92 -1.73 0.00 
20.25 93.26 57.19 -1.72 0.00 
20.50 93.26 55.47 -1.67 0.00 
20.75 93.26 53.80 -1.50 0.00 
21.00 85.54 52.30 -1.31 0.00 
21.25 85.54 50.99 -1.14 0.00 
21.50 85.54 49.84 -1.09 0.00 
21.75 85.54 48.75 -0.30 0.00 
22.00 87.06 48.45 -0.91 0.00 
22.25 87.06 47.54 -0.87 0.00 
22.50 87.06 46.67 -0.90 0.00 
22.75 87.06 45.77 -0.91 0.00 
23.00 83.03 44.86 -0.00 0.00 
23.25 83.03 44.86 0.00 0.00 
23.50 83.03 44.86 0.00 0.00 
23.75 83.03 44.86 0.00 0.00 
0.00 79.91 44.86 0.00 0.00 
0.25 79.91 44.86 0.00 0.00 
0.50 79.91 44.86 0.00 0.00 
0.75 79.91 44.86 0.00 0.00 
1.00 75.26 44.86 0.00 0.00 
1.25 75.26 44.86 0.00 0.00 
1.50 75.26 44.86 0.00 0.00 
1.75 75.26 44.86 0.00 0.00 
2.00 75.87 44.86 0.00 0.00 
2.25 75.87 44.86 0.00 0.00 
2.50 75.87 44.86 0.00 0.00 
2.75 75.87 44.86 0.00 0.00 
3.00 76.77 44.86 0.00 0.00 
3.25 76.77 44.86 0.00 0.00 
3.50 76.77 44.86 0.00 0.00 
3.75 76.77 44.86 0.00 0.00 
4.00 80.00 44.86 0.00 0.00 
4.25 80.00 44.86 0.00 0.00 
4.50 80.00 44.86 0.00 0.00 
4.75 80.00 44.86 0.00 0.00 
5.00 91.91 44.86 -2.35 0.00 
5.25 91.91 42.52 -2.50 0.00 
5.50 91.91 40.01 -2.54 0.00 
5.75 91.91 37.47 -2.45 0.00 
6.00 89.66 35.02 -2.47 0.02 
6.25 89.66 32.55 -1.89 0.64 
6.50 89.66 30.66 -0.66 1.88 
6.75 89.66 30.00 0.53 3.08 
7.00 84.60 30.53 1.39 3.93 
7.25 84.60 31.92 2.98 5.55 
7.50 84.60 34.90 5.13 8.05 
7.75 84.60 40.03 5.45 8.52 
8.00 78.80 45.48 7.67 10.84 
8.25 78.80 53.15 10.32 13.27 
8.50 78.80 63.47 7.64 10.58 
8.75 78.80 71.10 9.32 12.22 
9.00 73.32 80.42 11.81 15.05 
9.25 73.32 92.23 7.77 12.85 
9.50 73.32 100.00 0.00 14.71 
9.75 73.32 100.00 0.00 10.27 
10.00 66.16 100.00 0.00 12.02 
10.25 66.16 100.00 0.00 12.23 
10.50 66.16 100.00 0.00 13.61 
10.75 66.16 100.00 0.00 13.03 
11.00 60.96 100.00 0.00 13.60 
11.25 60.96 100.00 0.00 19.19 
11.50 60.96 100.00 0.00 19.89 
11.75 60.96 100.00 0.00 14.87 
12.00 63.89 100.00 0.00 14.85 
12.25 63.89 100.00 0.00 14.55 
12.50 63.89 100.00 0.00 13.75 
12.75 63.89 100.00 0.00 11.75 
13.00 79.07 100.00 0.00 11.45 
13.25 79.07 100.00 0.00 10.57 
13.50 79.07 100.00 0.00 9.49 
13.75 79.07 100.00 0.00 9.32 
14.00 98.09 100.00 0.00 7.67 
14.25 98.09 100.00 0.00 6.54 
14.50 98.09 100.00 0.00 6.05 
14.75 98.09 100.00 0.00 5.24 
15.00 109.14 100.00 0.00 4.54 
15.25 109.14 100.00 0.00 3.31 
15.50 109.14 100.00 0.00 2.27 
15.75 109.14 100.00 -0.66 1.31 
16.00 135.82 99.34 -1.44 0.47 
16.25 135.82 97.91 -1.84 0.00 
16.50 135.82 96.07 -1.81 0.00 
16.75 135.82 94.26 -1.84 0.00 
17.00 118.93 92.43 -1.91 0.00 
17.25 118.93 90.52 -1.96 0.00 
17.50 118.93 88.56 -1.96 0.00 
17.75 118.93 86.60 -1.93 0.00 
18.00 96.80 84.66 -1.84 0.00 
18.25 96.80 82.82 -1.79 0.00 
18.50 96.80 81.03 -1.75 0.00 
18.75 96.80 79.29 -1.74 0.00 
19.00 90.18 77.55 -1.77 0.00 
19.25 90.18 75.78 -1.76 0.00 
19.50 90.18 74.03 -1.76 0.00 
19.75 90.18 72.27 -1.74 0.00 
20.00 83.83 70.53 -1.73 0.00 
20.25 83.83 68.80 -1.72 0.00 
20.50 83.83 67.08 -1.67 0.00 
20.75 83.83 65.41 -1.50 0.00 
21.00 73.33 63.91 -1.31 0.00 
21.25 73.33 62.59 -1.14 0.00 
21.50 73.33 61.45 -1.09 0.00 
21.75 73.33 60.36 -1.00 0.00 


 Data 

17.25 142.58 1.42 0.54 0.00 13.60  
17.50 142.58 1.44 0.52 0.00 13.40  
17.75 142.58 1.44 0.49 0.00 13.40  
18.00 103.25 1.39 0.45 0.00 13.20  
18.25 103.25 1.36 0.43 0.00 13.00  
18.50 103.25 1.34 0.41 0.00 12.80  
18.75 103.25 1.32 0.42 0.00 12.60  
19.00 96.83 1.33 0.44 0.00 12.50  
19.25 96.83 1.31 0.45 0.00 12.40  
19.50 96.83 1.29 0.47 0.00 12.40  
19.75 96.83 1.27 0.47 0.00 12.30  
20.00 93.26 1.26 0.48 0.00 12.30  
20.25 93.26 1.26 0.46 0.00 12.30  
20.50 93.26 1.24 0.43 0.00 12.40  
20.75 93.26 1.17 0.33 0.00 12.40  
21.00 85.54 1.09 0.22 0.00 12.40  
21.25 85.54 1.03 0.12 0.00 12.40  
21.50 85.54 1.00 0.09 0.00 12.30  
21.75 85.54 0.92 0.07 0.00 12.20  
22.00 87.06 0.85 0.06 0.00 12.20  
22.25 87.06 0.80 0.07 0.00 12.20  
22.50 87.06 0.80 0.10 0.00 12.20  
22.75 87.06 0.80 0.11 0.00 12.30  
23.00 83.03 0.77 0.09 0.00 12.30  
23.25 83.03 0.75 0.07 0.00 12.30  
23.50 83.03 0.75 0.08 0.00 12.30  
23.75 83.03 0.75 0.08 0.00 12.40  
0.00 79.91 0.73 0.07 0.00 12.40  
0.25 79.91 0.71 0.05 0.00 12.40  
0.50 79.91 0.69 0.04 0.00 12.40  
0.75 79.91 0.70 0.04 0.00 12.40  
1.00 75.26 0.71 0.04 0.00 12.40  
1.25 75.26 0.72 0.04 0.00 12.40  
1.50 75.26 0.71 0.03 0.00 12.40  
1.75 75.26 0.77 0.20 0.00 12.60  
2.00 75.87 0.85 0.45 0.00 12.60  
2.25 75.87 0.95 0.70 0.00 12.60  
2.50 75.87 0.96 0.74 0.00 12.80  
2.75 75.87 1.01 0.73 0.00 12.90  
3.00 76.77 1.02 0.72 0.00 12.90  
3.25 76.77 1.04 0.75 0.00 13.00  
3.50 76.77 1.15 0.80 0.00 13.10  
3.75 76.77 1.25 0.81 0.00 13.10  
4.00 80.00 1.31 0.82 0.00 13.10  
4.25 80.00 1.25 0.79 0.00 13.10  
4.50 80.00 1.23 0.79 0.00 13.10  
4.75 80.00 1.34 0.79 0.00 13.00  
5.00 91.91 1.51 0.84 0.00 12.90  
5.25 91.91 1.63 0.88 0.00 12.90  
5.50 91.91 1.63 0.91 0.00 12.90  
5.75 91.91 1.58 0.88 0.00 12.80  
6.00 89.66 1.60 0.89 0.02 12.80  
6.25 89.66 1.62 0.90 0.64 12.80  
6.50 89.66 1.67 0.88 1.88 12.80  
6.75 89.66 1.67 0.88 3.08 12.90  
7.00 84.60 1.66 0.88 3.93 12.90  
7.25 84.60 1.63 0.93 5.55 13.10  
7.50 84.60 1.81 1.11 8.05 13.40  
7.75 84.60 1.86 1.21 8.52 13.60  
8.00 78.80 1.91 1.26 10.84 13.90  
8.25 78.80 1.77 1.17 13.27 14.10  
8.50 78.80 1.79 1.15 10.58 14.40  
8.75 78.80 1.79 1.12 12.22 14.60  
9.00 73.32 1.78 1.08 15.05 14.80  
9.25 73.32 1.80 1.03 12.85 14.90  
9.50 73.32 1.84 0.98 14.71 15.10  
9.75 73.32 1.85 0.95 10.27 15.20  
10.00 66.16 1.85 0.95 12.02 15.40  
10.25 66.16 1.88 1.00 12.23 15.60  
10.50 66.16 2.00 1.10 13.61 15.70  
10.75 66.16 2.03 1.08 13.03 15.90  
11.00 60.96 2.04 1.13 13.60 16.00  
11.25 60.96 1.91 0.97 19.19 16.20  
11.50 60.96 1.86 0.94 19.89 16.40  
11.75 60.96 1.74 0.76 14.87 16.50  
12.00 63.89 1.65 0.76 14.85 16.70  
12.25 63.89 1.59 0.75 14.55 16.80  
12.50 63.89 1.56 0.76 13.75 16.80  
12.75 63.89 1.52 0.75 11.75 16.70  
13.00 79.07 1.49 0.74 11.45 16.70  
13.25 79.07 1.48 0.75 10.57 16.60  
13.50 79.07 1.53 0.78 9.49 16.60  
13.75 79.07 1.52 0.77 9.32 16.60  
14.00 98.09 1.51 0.75 7.67 16.50  
14.25 98.09 1.44 0.69 6.54 16.50  
14.50 98.09 1.39 0.68 6.05 16.40  
14.75 98.09 1.35 0.66 5.24 16.30  
15.00 109.14 1.35 0.65 4.54 16.10  
15.25 109.14 1.36 0.63 3.31 15.90  
15.50 109.14 1.37 0.62 2.27 15.80  
15.75 109.14 1.37 0.60 1.31 15.50  
16.00 135.82 1.36 0.55 0.47 15.20  
16.25 135.82 1.33 0.51 0.00 15.00  
16.50 135.82 1.31 0.49 0.00 14.80  
16.75 135.82 1.33 0.51 0.00 14.60  
17.00 118.93 1.37 0.54 0.00 14.30  
17.25 118.93 1.42 0.54 0.00 14.00  
17.50 118.93 1.44 0.52 0.00 13.80  
17.75 118.93 1.44 0.49 0.00 13.40  
18.00 96.80 1.39 0.45 0.00 13.20  
18.25 96.80 1.36 0.43 0.00 12.90  
18.50 96.80 1.34 0.41 0.00 12.80  
18.75 96.80 1.32 0.42 0.00 12.60  
19.00 90.18 1.33 0.44 0.00 12.40  
19.25 90.18 1.31 0.45 0.00 12.20  
19.50 90.18 1.29 0.47 0.00 12.10  
19.75 90.18 1.27 0.47 0.00 11.90  
20.00 83.83 1.26 0.48 0.00 11.80  
20.25 83.83 1.26 0.46 0.00 11.70  
20.50 83.83 1.24 0.43 0.00 11.60  
20.75 83.83 1.17 0.33 0.00 11.40  
21.00 73.33 1.09 0.22 0.00 11.30  
21.25 73.33 1.03 0.12 0.00 11.00  
21.50 73.33 1.00 0.09 0.00 10.70  
21.75 73.33 0.92 0.07 0.00 10.40  
